6805676931
7706944258
7726922814
8158534482
7321386546
7169697683
5994816785
6858079155
6897891781
6273725698
329461296
7856476384
7241624704
7300848894
7300160507
7274563934
7100543400
6007457161
1498727594
7706286142
7307395705
7415196078
6846328044
6676186442
7080891445
7365234985
6628433433
5102816815
6672653533
7152841340
7657985126
7436263397
6812080245
8122763997
7034142014
7939321616
7822867257
6389986314
984222954
2135511073
1970695418
7801708651
6292896932
7550972269
7389839200
7405700851
6030321889
